[2. 4. 0. 5. 1. 3. 2. 1. 3. 1. 2. 2. 2. 3. 0. 2. 2. 2. 4. 2. 2. 5. 3. 1.
 2. 1. 2. 1. 1. 1. 4. 3. 3. 3. 0. 2. 3. 1. 2. 2. 2. 3. 3. 1. 1. 3. 3. 2.
 1. 2. 3. 3. 3. 2. 0. 2. 4. 2. 5. 0. 3. 1. 3. 2. 2. 3. 0. 3. 2. 3. 2. 3.
 4. 2. 2. 2. 2. 2. 2. 2. 3. 3. 1. 3. 1. 2. 3. 3. 0. 2. 3. 1. 1. 2. 2. 2.
 4. 3. 3. 1. 3. 3. 2. 2. 4. 3. 2. 2. 1. 2. 3. 0. 5. 0. 3. 0. 0. 1. 1. 2.
 1. 1. 1. 1. 3. 3. 2. 2. 2. 2. 1. 1. 2. 3. 1. 5. 0. 2. 2. 3. 3. 2. 2. 2.
 2. 3. 2. 2. 1. 3. 3. 3. 3. 3. 1. 1. 0. 2. 1. 4. 3. 1. 3. 4. 2. 1. 2. 1.
 3. 3. 0. 4. 2. 3. 0. 3. 4. 2. 1. 3. 2. 1. 3. 1. 3. 1. 1. 3. 3. 2. 2. 2.
 0. 3. 2. 2. 1. 3. 3. 2. 2. 3. 1. 3. 3. 2. 2. 3. 3. 4. 1. 1. 5. 2. 0. 3.
 3. 4. 3. 2. 3. 3. 3. 0. 1. 2. 3. 4. 2. 0. 2. 4. 2. 1. 2. 2. 1. 2. 3. 1.
 2. 2. 3. 1. 0. 1. 3. 1. 1. 1. 2. 3. 2. 3. 3. 2. 3. 2. 1. 3. 1. 0. 0. 0.
 3. 0. 3. 1. 3. 3. 4. 2. 2. 3. 3. 2. 1. 1. 1. 2. 1. 3. 2. 0. 2. 2. 2. 3.
 2. 1. 3. 3. 1. 1. 1. 2. 2. 2. 2. 2. 1. 1. 3. 3. 3. 4. 1. 1. 2. 1. 2. 1.
 2. 1. 0. 2. 1. 1. 2. 3. 3. 2. 2. 1. 1. 2. 2. 2. 3. 0. 2. 1. 1. 2. 2. 2.
 0. 2. 1. 2. 1. 3. 4. 3. 2. 1. 2. 0. 3. 3. 2. 1. 1. 1. 2. 2. 2. 2. 2. 1.
 4. 2. 2. 2. 1. 2. 3. 3. 4. 4. 2. 2. 0. 1. 2. 5. 3. 1. 3. 1. 1. 3. 2. 3.
 2. 2. 2. 3. 1. 1. 3. 2. 1. 2. 4. 2. 2. 5. 3. 2.]
Time to perform 10 for 400 pairs, L = 3 is 0.114 seconds
[ 99998.  99998.  99998.  99998.  99998.  99998.  99999.  99999.  99999.
  99999.  99999.  99998.  99999.  99997. 100000.  99999.  99999.  99998.
  99998.  99999.  99998.  99998.  99999.  99999.  99999.  99999. 100000.
  99999.  99998.  99998.  99999. 100000.  99999.  99999.  99997. 100000.
  99998.  99998.  99998.  99997.  99999.  99999.  99999.  99999.  99998.
  99998. 100000.  99999.  99998.  99998. 100000.  99999.  99998.  99999.
 100000. 100000.  99998.  99997.  99998.  99999.  99997.  99997.  99997.
  99999.  99998.  99998.  99998.  99998.  99998.  99998.  99998.  99999.
  99998.  99998.  99998.  99998. 100000.  99998.  99999.  99999.  99997.
  99998.  99999.  99998.  99998.  99998.  99998.  99998.  99998.  99999.
  99998.  99999.  99999.  99998.  99998.  99998.  99999.  99999. 100000.
  99998.  99997.  99999.  99999. 100000.  99999.  99999.  99998.  99998.
  99999.  99999.  99999. 100000.  99999.  99996.  99998.  99999.  99997.
  99999.  99999.  99998.  99998.  99998.  99998.  99998.  99997.  99997.
 100000. 100000.  99999.  99999.  99999.  99998. 100000.  99999.  99998.
 100000.  99999.  99999.  99998. 100000.  99998.  99997.  99999.  99999.
  99999.  99999.  99998.  99998.  99999.  99998.  99998.  99999.  99999.
  99999.  99998.  99999.  99999.  99998.  99998.  99999.  99998. 100000.
  99999. 100000.  99999.  99998.  99999.  99998.  99999.  99999. 100000.
  99999.  99998.  99998.  99999.  99998.  99998.  99998.  99997.  99999.
  99999.  99999.  99998.  99998.  99997.  99999.  99999.  99999. 100000.
  99997.  99999.  99997.  99999.  99999.  99999. 100000.  99998.  99998.
  99998.  99999.  99997. 100000.  99997.  99997.  99999.  99997.  99999.
  99998.  99997.  99999.  99998.  99997.  99997.  99999.  99999. 100000.
  99997.  99997.  99998.  99998.  99998.  99999.  99998.  99998.  99998.
  99999.  99998.  99998. 100000. 100000.  99998.  99999.  99998.  99998.
  99999. 100000. 100000.  99999.  99998.  99998.  99999. 100000.  99999.
  99999. 100000.  99998.  99999.  99998.  99999.  99999.  99998.  99998.
  99999.  99999.  99999.  99999. 100000.  99999. 100000.  99998.  99998.
  99998.  99999. 100000.  99998.  99997.  99997.  99999.  99998.  99999.
 100000.  99999.  99998.  99997. 100000.  99999.  99998.  99998.  99997.
  99999.  99998.  99999.  99998. 100000.  99999.  99999. 100000.  99998.
  99998.  99999.  99999. 100000. 100000.  99998.  99998.  99999.  99999.
  99998.  99999.  99999.  99999.  99999. 100000. 100000.  99998.  99997.
 100000. 100000.  99997. 100000. 100000.  99999.  99999.  99998.  99998.
  99999.  99998.  99999.  99999.  99999.  99998.  99998. 100000.  99999.
  99999.  99999.  99997.  99998.  99998.  99999.  99997.  99998.  99999.
  99998.  99998.  99999.  99997.  99997.  99997.  99999.  99999. 100000.
  99999.  99999.  99997. 100000.  99998.  99999.  99999.  99998.  99999.
 100000.  99999.  99997.  99999.  99998.  99997.  99998.  99999.  99998.
 100000.  99998.  99999. 100000.  99998. 100000.  99998.  99999.  99997.
  99999.  99999.  99997.  99999.  99999.  99998.  99999. 100000.  99998.
 100000. 100000.  99999.  99998.  99998.  99999.  99999.  99998.  99999.
  99999.  99997.  99997.  99997.  99998.  99999.  99999.  99998.  99999.
  99999.  99998. 100000.  99997.]
Time to perform 100000 for 400 pairs, L = 3 is 1273.759 seconds
