[20. 20. 17. 29. 25. 34. 31. 24. 24. 28. 20. 24. 26. 15. 23. 20. 22. 25.
 25. 22. 22. 23. 16. 15. 28. 28. 25. 31. 26. 20. 25. 19. 24. 24. 15. 16.
 25. 27. 19. 16. 20. 23. 20. 21. 22. 19. 21. 25. 25. 27. 24. 29. 27. 24.
 21. 22. 23. 18. 19. 19. 28. 27. 25. 25. 20. 23. 21. 29. 26. 18. 22. 19.
 21. 33. 23. 18. 20. 26. 20. 22. 20. 24. 20. 22. 25. 22. 19. 19. 16. 26.
 20. 29. 23. 22. 21. 21. 21. 23. 18. 21.]
Time to perform 100000 for 100 pairs, L = 2 is 233.019 seconds
[99976. 99984. 99983. 99987. 99975. 99981. 99980. 99980. 99968. 99982.
 99981. 99978. 99977. 99975. 99982. 99974. 99986. 99974. 99977. 99982.
 99978. 99980. 99978. 99982. 99978. 99985. 99985. 99973. 99970. 99977.
 99977. 99973. 99972. 99981. 99983. 99974. 99969. 99969. 99977. 99968.
 99979. 99978. 99980. 99976. 99977. 99977. 99973. 99978. 99984. 99985.
 99981. 99980. 99971. 99983. 99980. 99974. 99977. 99979. 99962. 99984.
 99982. 99972. 99975. 99972. 99976. 99974. 99973. 99980. 99985. 99979.
 99972. 99971. 99982. 99971. 99969. 99982. 99981. 99984. 99982. 99981.
 99968. 99971. 99983. 99982. 99977. 99981. 99982. 99976. 99979. 99979.
 99974. 99983. 99984. 99977. 99985. 99978. 99976. 99974. 99980. 99973.]
Time to perform 100000 for 100 pairs, L = 2 is 237.0 seconds
