[ 9.  9.  9.  8.  8. 10.  9.  9.  9.  8.  9.  8.  7. 10.  9.  8. 10.  8.
  8.  9. 10.  9. 10.  8. 10.  8.  9.  8.  8.  9.  9.  9.  8.  9.  7.  8.
  8.  8.  9. 10.  7.  7.  8.  9.  8.  8.  9. 10.  9.  9. 10.  9.  9.  8.
  9.  9.  7.  9.  8. 10.  9.  7.  8.  7.  7.  8. 10. 10. 10.  8.  9.  8.
  8.  9.  6.  9.  9.  8.  9.  9.  8.  9.  8.  9.  9. 10.  9.  9. 10.  9.
  9.  9.  9. 10.  8.  9.  8.  9.  9.  9.  9.  9.  8.  8.  7.  8. 10.  8.
  8. 10.  9.  6.  9.  9.  8.  7.  9. 10.  8.  9. 10.  8.  9.  9.  8.  9.
  9.  9.  8. 10.  9. 10.  9.  7.  7.  9.  9.  9.  7.  9.  9.  9.  9.  9.
  9.  6.  9.  9. 10. 10. 10.  9.  8.  9.  9.  7. 10. 10.  7.  9.  9.  6.
 10.  9. 10.  8.  9.  9. 10. 10. 10.  8.  9. 10.  9. 10.  8.  9. 10.  8.
  8.  8. 10.  9.  9.  8. 10.  9.  7. 10.  9.  8.  9.  9.  7.  9.  9. 10.
 10.  8.  9.  8. 10.  9.  8.  8.  9.  8. 10.  9.  8. 10.  7.  7.  7.  9.
  9.  9.  7.  8. 10.  9.  9. 10.  8.  6.  8.  7. 10.  8.  6.  9.  9.  9.
  9.  8.  8.  8.  9.  9. 10.  8.  8.  9.  9. 10.  9.  9.  8.  8.  8.  9.
  9.  8.  7.  8.  9. 10.  9.  9.  7.  8.  7.  8.  9.  8.  7.  8.  9.  8.
  8.  9.  9.  9.  8.  9.  9. 10.  7.  7.  8.  9. 10.  9. 10.  9. 10.  9.
  8.  6. 10.  9.  8.  8. 10. 10.  9.  9.  8.  9.  9. 10.  7.  8.  8.  7.
  7.  8.  8.  9.  8.  8.  9. 10.  8.  9. 10.  9.  9.  9.  7.  8.  8.  8.
  7.  8.  7.  8.  8.  9.  8.  8.  9. 10.  8.  7.  9.  7.  9. 10.  7.  8.
 10.  8.  8.  8.  9.  7.  9. 10. 10.  8.  8.  6.  9.  9.  8.  8.  9.  9.
  8.  9.  8.  9. 10.  6. 10.  9.  9. 10.  6.  9.  9.  7.  8.  8.  9. 10.
  9.  9.  8.  6.  8. 10. 10.  9.  9.  8.  8.  9.  9. 10.  9.  6.  9.  9.
  9.  9.  9.  9.]
Time to perform 10 for 400 pairs, L = 2 is 0.096 seconds
[4. 0. 2. 1. 3. 2. 1. 0. 2. 1. 1. 1. 2. 2. 1. 2. 2. 1. 2. 2. 1. 1. 1. 0.
 2. 1. 3. 2. 3. 3. 1. 2. 2. 0. 2. 1. 0. 3. 2. 1. 1. 3. 3. 1. 1. 3. 3. 0.
 3. 2. 1. 2. 2. 1. 1. 2. 1. 1. 2. 0. 2. 0. 1. 2. 2. 3. 2. 0. 2. 3. 1. 3.
 1. 1. 2. 1. 0. 2. 3. 2. 2. 1. 3. 1. 2. 0. 3. 3. 2. 2. 2. 1. 3. 2. 1. 1.
 2. 2. 1. 1. 4. 2. 1. 1. 4. 1. 1. 2. 0. 2. 1. 2. 0. 3. 0. 5. 2. 2. 1. 1.
 0. 0. 2. 1. 2. 1. 0. 2. 2. 0. 1. 1. 1. 3. 1. 1. 1. 1. 2. 2. 2. 2. 1. 3.
 1. 1. 2. 3. 2. 2. 2. 1. 2. 1. 2. 1. 2. 0. 1. 0. 2. 1. 0. 0. 2. 3. 1. 3.
 1. 0. 1. 1. 1. 2. 2. 2. 3. 2. 3. 3. 2. 4. 1. 1. 2. 2. 1. 2. 1. 2. 0. 1.
 0. 3. 1. 2. 3. 2. 2. 1. 1. 1. 1. 3. 1. 2. 3. 2. 3. 0. 3. 0. 0. 1. 3. 3.
 3. 2. 3. 3. 2. 1. 1. 3. 1. 3. 1. 2. 1. 4. 1. 2. 0. 1. 3. 2. 1. 1. 2. 2.
 1. 1. 2. 1. 1. 1. 1. 1. 1. 2. 0. 2. 1. 2. 2. 1. 1. 2. 0. 0. 1. 2. 1. 3.
 0. 1. 2. 1. 1. 2. 3. 0. 3. 2. 2. 3. 1. 2. 3. 1. 2. 1. 2. 2. 2. 1. 2. 2.
 2. 1. 2. 2. 3. 2. 3. 3. 0. 2. 1. 1. 0. 1. 1. 2. 3. 1. 2. 1. 3. 0. 1. 2.
 3. 2. 1. 1. 1. 2. 1. 2. 1. 3. 2. 0. 2. 2. 2. 1. 2. 1. 1. 2. 1. 0. 1. 3.
 0. 0. 1. 2. 0. 2. 2. 1. 1. 3. 0. 3. 0. 2. 1. 1. 1. 3. 1. 0. 2. 1. 1. 3.
 3. 3. 0. 0. 2. 0. 2. 0. 2. 1. 3. 2. 3. 0. 2. 4. 3. 2. 0. 1. 2. 0. 1. 3.
 0. 2. 2. 1. 1. 1. 2. 1. 2. 2. 3. 0. 3. 3. 2. 4.]
Time to perform 10 for 400 pairs, L = 2 is 0.097 seconds
[ 99995.  99998.  99997.  99997.  99996.  99998.  99997.  99997.  99993.
  99998.  99997.  99999.  99997.  99995.  99997.  99993.  99993.  99996.
  99995.  99997.  99997.  99993.  99996.  99997.  99995.  99999.  99997.
  99997.  99997.  99995.  99996.  99997.  99999.  99999.  99997.  99998.
  99995.  99997. 100000.  99996.  99997.  99998.  99995.  99999.  99999.
  99995.  99996.  99992.  99995.  99998.  99999.  99996.  99999.  99996.
  99996.  99999.  99997.  99994.  99994.  99996.  99999.  99997.  99994.
  99999.  99997.  99998.  99997.  99999.  99996.  99997.  99996.  99997.
  99997.  99997.  99999.  99999.  99997.  99996.  99997.  99998.  99997.
  99997.  99998.  99998.  99996.  99993.  99998.  99997.  99995.  99998.
  99996.  99996.  99997.  99998.  99999.  99998.  99997.  99999.  99995.
  99995.  99999.  99995.  99998.  99999.  99997.  99998.  99996.  99995.
  99993.  99996.  99996.  99998.  99994.  99999.  99995.  99996.  99996.
  99996.  99999.  99995.  99997.  99997.  99994.  99994.  99997.  99998.
  99999.  99998.  99998.  99995.  99998.  99997.  99995.  99995.  99997.
  99997.  99996.  99994.  99994.  99997.  99996.  99994.  99996.  99996.
  99997.  99996.  99996.  99995.  99996.  99998.  99995.  99997.  99999.
  99994.  99996.  99996.  99999.  99995.  99996.  99996.  99996.  99999.
  99997.  99995.  99998.  99996.  99996. 100000.  99995.  99999.  99996.
  99993.  99995.  99995.  99997.  99996.  99998.  99998.  99995.  99999.
  99998. 100000.  99997.  99998.  99997.  99996.  99993.  99996.  99998.
  99997.  99994.  99996.  99995.  99995.  99997.  99997.  99995. 100000.
  99995.  99994.  99997.  99993.  99997.  99998.  99998. 100000.  99997.
  99997.  99997.  99997.  99994.  99998.  99997.  99997.  99997.  99998.
  99994.  99997.  99998.  99999.  99996.  99994.  99998.  99997.  99997.
  99999.  99996.  99998.  99996.  99997.  99995.  99994.  99995.  99996.
  99993.  99998.  99999.  99997.  99997.  99998.  99997.  99997.  99997.
  99997.  99997.  99998.  99999.  99994.  99997.  99997.  99995.  99998.
  99997.  99997.  99998.  99993.  99995.  99997.  99996.  99994.  99998.
  99997.  99996.  99998. 100000.  99997.  99996.  99993.  99996.  99996.
  99996.  99999.  99997.  99998.  99997.  99993.  99999.  99997.  99997.
  99999.  99995.  99997.  99997.  99996.  99998.  99995.  99997.  99995.
  99998.  99997.  99995.  99994.  99996.  99994.  99996.  99999.  99995.
  99995.  99995.  99997.  99996.  99993.  99993.  99995.  99995.  99996.
  99999.  99997. 100000.  99995.  99998.  99997.  99997.  99996.  99996.
  99998.  99997.  99998.  99998.  99996.  99998.  99993.  99997.  99999.
  99996.  99996.  99997.  99998.  99999.  99997.  99998.  99998.  99999.
  99998.  99996.  99998.  99996. 100000.  99998.  99997.  99996.  99994.
  99997.  99996.  99995.  99995.  99995.  99996.  99997.  99998.  99999.
  99998.  99993.  99998.  99995.  99999.  99999.  99995.  99997.  99999.
  99993.  99993.  99996.  99995.  99997. 100000.  99998. 100000.  99994.
  99997.  99998.  99995.  99997.  99995. 100000.  99994.  99998.  99996.
  99994.  99995.  99999.  99997.  99997.  99997.  99995.  99997.  99995.
  99994.  99999.  99996.  99998.  99995.  99995.  99996.  99997.  99998.
  99997.  99997.  99997.  99995.]
Time to perform 100000 for 400 pairs, L = 2 is 900.696 seconds
