[0. 0. 0. 1. 2. 0. 2. 2. 2. 1. 0. 1. 2. 1. 1. 2. 0. 1. 2. 2. 2. 2. 1. 1.
 0. 2. 0. 1. 1. 2. 2. 1. 1. 1. 1. 1. 1. 2. 0. 1. 1. 0. 2. 0. 2. 1. 2. 2.
 1. 2. 1. 2. 2. 0. 0. 2. 0. 2. 2. 1. 1. 2. 1. 1. 1. 1. 0. 1. 1. 1. 1. 1.
 1. 1. 0. 1. 2. 1. 1. 2. 1. 1. 0. 2. 2. 0. 1. 1. 1. 1. 0. 2. 1. 0. 1. 0.
 2. 2. 1. 0. 0. 2. 0. 0. 1. 0. 0. 1. 2. 0. 2. 1. 2. 2. 2. 2. 2. 1. 1. 2.
 2. 0. 1. 1. 0. 0. 1. 1. 0. 0. 2. 1. 1. 2. 1. 2. 1. 1. 2. 0. 0. 1. 1. 1.
 0. 0. 1. 0. 1. 1. 2. 1. 0. 0. 2. 1. 1. 2. 1. 1. 0. 1. 1. 1. 1. 1. 0. 0.
 2. 1. 0. 1. 1. 1. 1. 2. 0. 1. 1. 1. 2. 1. 2. 1. 1. 1. 0. 1. 1. 1. 1. 2.
 1. 1. 1. 0. 2. 1. 1. 1. 1. 0. 1. 1. 2. 1. 1. 2. 1. 0. 0. 0. 0. 1. 1. 0.
 1. 0. 1. 1. 0. 1. 1. 2. 1. 1. 1. 2. 2. 2. 1. 2. 2. 1. 2. 1. 1. 1. 1. 1.
 1. 1. 2. 2. 0. 0. 0. 0. 1. 1. 2. 2. 2. 0. 1. 1. 2. 1. 2. 2. 1. 2. 1. 0.
 0. 1. 2. 1. 0. 0. 1. 2. 1. 2. 1. 1. 0. 1. 0. 2. 1. 1. 2. 1. 1. 0. 0. 2.
 2. 2. 1. 2. 1. 0. 2. 2. 1. 2. 0. 0. 1. 1. 1. 2. 0. 1. 1. 2. 2. 1. 0. 2.
 1. 1. 1. 1. 0. 2. 2. 0. 1. 0. 2. 2. 2. 1. 0. 2. 2. 2. 1. 1. 2. 0. 2. 2.
 0. 0. 1. 2. 1. 0. 1. 1. 1. 1. 0. 1. 2. 0. 0. 0. 0. 0. 2. 2. 1. 1. 0. 2.
 0. 0. 2. 2. 1. 2. 2. 1. 1. 1. 0. 1. 1. 1. 2. 1. 0. 2. 2. 1. 1. 2. 0. 0.
 2. 2. 1. 1. 1. 1. 1. 1. 1. 1. 1. 1. 1. 2. 1. 0.]
Time to perform 2 for 400 pairs, L = 2 is 0.022 seconds
[1. 2. 1. 1. 1. 0. 2. 2. 1. 1. 1. 2. 0. 0. 1. 2. 1. 0. 2. 2. 2. 0. 2. 0.
 0. 0. 0. 2. 2. 2. 0. 1. 1. 2. 2. 1. 2. 1. 1. 2. 0. 0. 0. 2. 1. 1. 1. 1.
 2. 0. 0. 1. 1. 1. 1. 1. 2. 2. 0. 0. 0. 1. 1. 2. 2. 1. 1. 0. 1. 1. 2. 0.
 1. 2. 1. 2. 0. 1. 0. 0. 1. 1. 1. 1. 2. 1. 1. 1. 0. 1. 1. 1. 0. 2. 2. 2.
 2. 2. 2. 0. 1. 1. 2. 2. 1. 2. 1. 1. 1. 0. 0. 2. 1. 1. 1. 1. 0. 1. 2. 0.
 1. 1. 0. 1. 2. 1. 1. 1. 1. 1. 1. 1. 1. 2. 0. 2. 2. 1. 1. 0. 1. 1. 1. 1.
 2. 2. 1. 1. 0. 2. 1. 1. 2. 2. 2. 2. 0. 1. 1. 1. 0. 1. 0. 1. 1. 2. 2. 1.
 1. 1. 1. 1. 1. 0. 2. 0. 0. 1. 1. 0. 2. 1. 1. 1. 2. 0. 1. 1. 1. 1. 1. 2.
 1. 1. 1. 2. 1. 1. 1. 0. 0. 2. 0. 0. 2. 1. 1. 2. 1. 1. 0. 1. 1. 1. 1. 1.
 2. 0. 1. 2. 1. 1. 0. 1. 0. 2. 2. 1. 2. 0. 1. 0. 0. 0. 1. 1. 2. 2. 0. 1.
 2. 0. 1. 0. 0. 1. 1. 1. 1. 2. 1. 1. 0. 1. 1. 0. 1. 1. 1. 1. 1. 1. 0. 1.
 1. 1. 1. 1. 1. 2. 0. 2. 1. 0. 2. 1. 1. 0. 1. 1. 2. 1. 2. 0. 1. 2. 0. 2.
 1. 0. 1. 1. 0. 1. 1. 2. 1. 2. 1. 1. 2. 0. 1. 0. 1. 2. 1. 1. 1. 0. 1. 2.
 1. 2. 1. 2. 2. 0. 2. 2. 1. 2. 2. 1. 1. 0. 1. 1. 2. 0. 0. 1. 2. 1. 1. 1.
 2. 1. 2. 0. 0. 0. 2. 0. 1. 1. 1. 2. 2. 1. 2. 1. 2. 2. 0. 1. 1. 2. 0. 2.
 2. 2. 1. 2. 2. 0. 1. 1. 1. 0. 1. 2. 0. 2. 0. 1. 0. 0. 2. 1. 1. 1. 0. 2.
 0. 1. 2. 2. 2. 1. 1. 1. 1. 2. 2. 2. 1. 1. 1. 1.]
Time to perform 2 for 400 pairs, L = 2 is 0.02 seconds
[1. 0. 2. 2. 1. 2. 2. 2. 2. 2. 1. 0. 1. 0. 1. 1. 1. 1. 1. 0. 0. 1. 0. 1.
 2. 1. 1. 1. 0. 2. 2. 1. 1. 0. 1. 2. 1. 1. 1. 1. 2. 0. 0. 0. 0. 0. 1. 0.
 1. 2. 1. 1. 0. 2. 0. 1. 2. 0. 1. 0. 0. 1. 1. 0. 1. 0. 1. 1. 0. 1. 0. 0.
 2. 1. 1. 0. 0. 0. 0. 1. 0. 1. 2. 1. 1. 1. 1. 0. 2. 0. 1. 2. 1. 1. 1. 1.
 0. 1. 2. 0. 0. 1. 2. 0. 1. 1. 2. 1. 1. 1. 0. 0. 1. 1. 1. 0. 0. 1. 0. 2.
 1. 1. 1. 0. 1. 1. 0. 2. 2. 1. 0. 1. 0. 1. 2. 1. 0. 0. 1. 1. 1. 1. 0. 1.
 1. 1. 2. 1. 0. 1. 1. 1. 2. 0. 1. 1. 1. 0. 0. 2. 1. 1. 2. 2. 0. 0. 1. 0.
 2. 0. 1. 1. 0. 0. 0. 1. 0. 1. 1. 2. 1. 1. 1. 0. 0. 2. 1. 1. 0. 0. 2. 1.
 1. 2. 0. 0. 1. 1. 1. 1. 1. 0. 2. 1. 0. 0. 1. 1. 0. 0. 1. 0. 0. 2. 1. 0.
 1. 1. 1. 1. 0. 2. 0. 1. 1. 1. 1. 1. 0. 1. 0. 1. 0. 1. 0. 1. 0. 1. 2. 2.
 2. 1. 2. 1. 0. 0. 1. 1. 1. 1. 1. 0. 1. 2. 0. 2. 1. 0. 1. 1. 1. 1. 0. 1.
 2. 1. 1. 1. 1. 1. 0. 1. 1. 0. 1. 1. 1. 1. 0. 1. 0. 1. 1. 2. 1. 0. 2. 0.
 1. 2. 1. 0. 2. 0. 2. 2. 2. 1. 1. 1. 1. 2. 0. 0. 2. 0. 1. 0. 0. 1. 1. 0.
 1. 0. 0. 0. 2. 0. 0. 0. 1. 1. 1. 1. 1. 0. 2. 1. 1. 0. 2. 0. 1. 0. 1. 1.
 1. 1. 1. 1. 1. 2. 2. 1. 2. 1. 1. 1. 1. 2. 0. 1. 1. 1. 0. 0. 0. 1. 2. 0.
 0. 1. 0. 1. 0. 1. 2. 0. 1. 0. 1. 0. 0. 1. 1. 0. 1. 1. 0. 2. 1. 1. 1. 1.
 1. 0. 1. 0. 1. 1. 1. 0. 1. 0. 0. 2. 0. 2. 2. 0.]
Time to perform 2 for 400 pairs, L = 2 is 0.02 seconds
[2. 1. 0. 1. 2. 0. 1. 1. 1. 1. 0. 2. 2. 1. 1. 1. 2. 0. 1. 0. 1. 2. 0. 2.
 2. 2. 2. 1. 2. 1. 1. 0. 1. 1. 0. 0. 2. 1. 2. 1. 0. 0. 2. 1. 1. 1. 1. 1.
 1. 1. 1. 1. 1. 0. 1. 0. 1. 1. 1. 1. 0. 0. 0. 0. 1. 1. 0. 1. 0. 1. 1. 1.
 2. 0. 1. 0. 2. 1. 1. 1. 0. 1. 0. 1. 1. 0. 0. 0. 0. 2. 2. 2. 1. 2. 2. 1.
 1. 2. 1. 1. 2. 1. 0. 1. 1. 1. 0. 1. 2. 0. 1. 1. 1. 1. 1. 0. 1. 2. 1. 1.
 0. 0. 0. 1. 0. 0. 1. 1. 1. 1. 1. 1. 1. 0. 1. 1. 2. 1. 1. 0. 0. 1. 1. 0.
 0. 1. 1. 2. 1. 0. 1. 0. 1. 1. 2. 1. 2. 2. 2. 1. 0. 1. 0. 1. 1. 1. 2. 1.
 1. 0. 1. 0. 1. 0. 1. 1. 2. 1. 1. 1. 0. 0. 1. 1. 2. 1. 1. 1. 1. 0. 2. 1.
 2. 1. 1. 1. 0. 2. 0. 0. 0. 1. 1. 0. 1. 0. 1. 1. 1. 0. 1. 0. 1. 1. 1. 1.
 1. 1. 1. 2. 2. 1. 0. 1. 2. 1. 2. 1. 0. 1. 0. 0. 0. 2. 1. 0. 0. 2. 0. 1.
 0. 2. 0. 1. 0. 0. 1. 1. 1. 1. 1. 1. 1. 1. 1. 0. 0. 2. 2. 1. 0. 1. 1. 2.
 2. 0. 1. 1. 1. 0. 2. 1. 1. 2. 0. 0. 1. 0. 2. 2. 0. 2. 0. 0. 1. 1. 0. 0.
 2. 1. 1. 2. 0. 1. 1. 1. 2. 2. 1. 1. 2. 2. 0. 2. 0. 0. 0. 0. 1. 1. 1. 1.
 1. 1. 1. 0. 1. 1. 1. 1. 0. 1. 1. 1. 2. 2. 0. 2. 2. 1. 0. 1. 1. 0. 1. 1.
 1. 2. 1. 1. 0. 2. 0. 0. 1. 1. 1. 2. 0. 1. 1. 2. 1. 0. 2. 1. 1. 1. 1. 0.
 2. 1. 1. 1. 2. 1. 1. 1. 0. 0. 0. 1. 0. 0. 2. 1. 2. 2. 1. 0. 2. 1. 1. 1.
 2. 0. 1. 1. 1. 2. 1. 0. 1. 1. 1. 0. 1. 1. 1. 2.]
Time to perform 2 for 400 pairs, L = 2 is 0.021 seconds
