[100000.  99996.  99999.  99997.  99997. 100000.  99999. 100000.  99999.
  99999.  99999.  99998.  99999. 100000. 100000.  99997.  99999. 100000.
 100000.  99997.  99998. 100000.  99998.  99998.  99998.  99996.  99999.
 100000.  99999.  99998.  99998.  99999.  99997.  99999.  99998. 100000.
  99999.  99998. 100000.  99998.  99999.  99999.  99998.  99999. 100000.
 100000.  99998.  99999.  99999.  99997.  99998. 100000.  99999.  99999.
  99998.  99994. 100000.  99996. 100000. 100000.  99998.  99999.  99999.
  99999.  99998.  99998.  99999.  99998.  99999. 100000.  99997. 100000.
  99999.  99998.  99999.  99999.  99999.  99999. 100000.  99999. 100000.
 100000. 100000. 100000.  99997.  99999.  99996.  99999.  99999.  99998.
  99999.  99998.  99999.  99999.  99999. 100000.  99999. 100000.  99999.
  99999.]
Time to perform 100000 for 100 pairs, L = 3 is 289.566 seconds
