[ 998.  999.  999.  999. 1000.  999.  997. 1000. 1000.  999. 1000.  999.
  999.  999.  999.  998.  998.  999. 1000.  999.  999.  999.  999.  998.
 1000. 1000. 1000. 1000.  998.  999.  999.  998. 1000. 1000. 1000.  998.
 1000.  999.  999. 1000.  999. 1000. 1000.  999.  999.  999.  999.  999.
 1000.  999. 1000.  999. 1000.  999.  999. 1000.  999. 1000.  998.  999.
 1000.  998. 1000.  999.  999. 1000. 1000.  998.  998. 1000. 1000.  998.
  999.  999.  999.  999.  999.  998.  999.  998.  999. 1000. 1000.  998.
  999.  999. 1000.  999.  999.  999. 1000.  998. 1000.  999.  999.  999.
  999.  998.  998.  998.]
Time to perform 1000 for 100 pairs, L = 4 is 6.033 seconds
